0.000000
0.000501
0.001002
0.001502
0.002003
0.002504
0.003005
0.003505
0.004006
0.004507
0.005008
0.005509
0.006009
0.006510
0.007011
0.007512
0.008012
0.008513
0.009014
0.009515
0.010016
0.010516
0.011017
0.011518
0.012019
0.012519
0.013020
0.013521
0.014022
0.014523
0.015023
0.015524
0.016025
0.016526
0.017026
0.017527
0.018028
0.018529
0.019029
0.019530
0.020031
0.020532
0.021033
0.021533
0.022034
0.022535
0.023036
0.023536
0.024037
0.024538
0.025039
0.025540
0.026040
0.026541
0.027042
0.027543
0.028043
0.028544
0.029045
0.029546
0.030047
0.030547
0.031048
0.031549
0.032050
0.032550
0.033051
0.033552
0.034053
0.034554
0.035054
0.035555
0.036056
0.036557
0.037057
0.037558
0.038059
0.038560
0.039061
0.039561
0.040062
